
Rates for sites

[replicate 1]
 0.2416  0.1792  0.0000  6.4310  0.6609  1.6166  2.7849  0.6547  0.0727  2.2363 
 1.1915  2.2007  0.0004  0.0000  0.0279  0.4433  0.9346  0.3156  0.1920  0.0000 
 0.0863  0.0020  0.0000  0.0187  0.0245  0.0051  0.0224  0.3097  3.4306  0.2908 
 0.0000  0.0627  0.0011  3.9429  0.6636  4.6072  0.8560  0.0009  0.0001  0.0470 
 0.0000  0.0013  0.0000  0.0002  0.0170  0.0293  0.0603  4.4520  0.0016  0.0000 
 0.0000  0.0038  0.6211  1.3390  0.0006  0.2450  0.2603 11.4763  0.0731  0.0135 
 1.8834  0.0000  0.1364  0.0196  0.0000  0.0000  0.0011  1.3882  0.0051  0.2066 
 0.0455  0.4229  1.0791  6.2053  0.0005  2.6052  0.0000  0.0138  0.0048  0.3052 
 0.0000 29.6903  0.0012  0.0000  0.0037  0.0017  1.9007  0.0086  0.4314  0.0018 
 0.0000  0.0154  7.6213  0.3116  0.0000  0.0052  0.2552  4.2195  0.0000  0.0337 
 0.0000  0.0000  3.4772  0.2923  0.0085  0.0049  0.4822  0.3316  1.5578  2.1113 
 0.0032  0.3491  0.0000  0.0082  0.0013  0.0000  0.6748  0.0000  0.0000  0.0143 
 0.0032  0.0000  0.0000  0.0015  0.0000  0.0077  0.0011  0.0000  3.7364  0.6675 
 1.2099  0.0000  0.3109  0.1763  0.0218  0.0001  0.0134  0.0041  0.0000  3.8701 
 0.0000  0.6049  0.0008  0.0142  0.0000  0.0000  5.7983  0.0046  5.2403  0.0196 
 1.7996  0.0004  0.0002  0.0000 10.7069  0.3615  0.0044  0.0007  0.0000  0.0000 
 0.0000  0.6561  0.0000  0.0027  0.0033  2.3291  0.0514  0.0083  0.2144  2.8886 
 0.7158  0.4714  0.0000  0.0009  0.0297  0.0000  5.3877  0.0003  0.0008  0.0572 
 0.8059  0.4835  0.3155  0.2833  0.0008  0.1528  0.0002  0.0597  9.9451  0.0000 
 0.0000  0.0254  0.0785  0.2861  0.0002  9.5640  6.9093  0.1950  0.0000  0.6974 
 0.1278  3.4988  2.9129  0.0001  0.0053  0.0003  1.1712  0.1865  0.0037  1.0390 
 0.0665  6.4864  0.5018  0.1781  0.0285  0.0005  2.5613  2.0852  0.0001  0.0004 
 0.0303  0.0010  0.0085  8.5607  0.2969  0.2162  2.1546  3.2024  0.0157  0.1062 
 0.0109  0.0000  4.5949  0.1193  0.2539  0.0000  0.1382  0.6235  0.0391  0.3041 
 0.0183  0.1518  2.2527  0.0051  0.1897  0.0000  0.0000  0.3250  0.7127  0.3171 
 0.5330  0.0000  0.0000  1.1498  0.0962 11.1591  0.5360  0.2468  0.0862  0.0020 
 4.3044  0.0055  0.0000  0.0733  0.1253  0.0016 11.6141  0.0013  0.0000  0.0007 
 0.0038 19.1029  0.0009  0.0000  0.0000  0.0000  0.9751  0.0970  0.0754  0.0233 
 3.4315  0.1683  0.0000  0.0000  0.0026  0.0342  0.0000  0.0082  0.0002  0.0021 
 0.1035  3.7197  6.8774  0.0113  0.0000  0.0155  0.0445  0.0011  0.0903  0.0000 
 0.0001  0.0001  0.0830  0.0010  0.1028  0.0000  0.0000  0.0009  0.0000  0.0086 
 0.0000  0.0259  0.6816  0.0017  0.0641  0.5738  0.0010  0.0588  0.0478  0.0000 
 0.0078  0.0057  0.6089  1.8687  0.0019  1.8746  0.0001  0.0263  0.1715  0.3354 
 0.1722  0.0020  1.1127  9.6927  6.8582  0.0611  0.0000  0.0316  0.4755  0.1363 
12.3303  1.0587  0.1505  0.0000  0.3236  0.0186  0.9047  0.0000  0.0000  0.0001 
 0.0000  0.0117  0.0041  0.0018  0.0065  0.0162  0.3905  0.0086  0.0000  0.0004 
 0.0011  0.0000  0.0655  0.5340  0.0000  1.1500  0.0016  5.7344  0.8497  0.1173 
 0.0001  0.0000  0.0000  0.0004  3.4660  0.0000  0.0000  0.0008  0.0068  1.0640 
 0.0000  0.0112  0.0026  2.2185  0.0614  4.8751  0.0005  1.0608  0.0018  0.7410 
 0.1751  0.0000  0.0113  0.1591  6.4576  5.8051  1.7190  0.0000  0.0028  1.7481 
 1.7215  0.1261  0.0289  0.1251  0.0006  0.3054  0.0000  0.0404  0.0000  2.2243 
 0.0013  0.2052  0.0000  0.0000  0.0000  0.0653  0.0002  0.2638  0.6286  0.0003 
 2.4333  0.0000  0.0000  0.0181  0.0000  0.4358  0.1156  2.5102  0.0007  0.3633 
 0.0158  0.8097  0.3989  0.0000  0.0000  0.0000  1.2501  0.0000  0.0000  0.0000 
 0.0387  0.0938  4.9193  0.0459 10.4912  0.0181  0.0004  0.0187  0.1501  0.0001 
 0.4612  0.0025  0.0000  1.3262  2.1414  0.0049  0.7297  0.3240  1.9334  0.0068 
 0.0007  0.1201  0.3192  0.3742  0.7899  0.0369  0.0000  2.6252  0.0666  0.0009 
 0.0000  9.3167  0.0235  0.0001  0.0785  0.0005  4.5008  0.3179  0.0171  3.2923 
 0.9117  0.0010  0.0000  0.0081  0.0050  0.3638  6.8190  0.0149  0.8430  0.0000 
 0.1760  0.4831  0.0002  8.2876  0.3037  0.1318  0.0004  0.0005  0.2776  0.2741 
 0.0073  0.0486  0.0386 10.1979  1.1745  0.6544  0.0000  0.8564  0.1911  3.3749 
 0.0136  0.3749 12.9354  0.0096  4.4732  0.2189  0.0000  0.3124  1.0495  0.0352 
 0.0031  0.3501  0.0169  0.0275  0.9794  0.0139  0.1306  0.8830  2.3166  1.7765 
 0.0010  0.2426  0.3745  0.0007  0.0251  1.0030  3.7385  0.1246  0.0263  0.2259 
 0.0000  0.0000  0.0009  0.6047  0.0000  0.0454  0.0087  0.0072  0.2699  0.0728 
 0.0260  0.0000  0.0000  0.1260  3.3332  0.0109 21.2914  0.3690  0.7145  0.1152 
 0.0000  0.7228  9.7309  0.0578  0.0000  4.5678  3.9922  0.0000  0.0001  0.0799 
 0.0000  0.0000  0.0184  0.0120  2.8997  0.0000  0.0000  1.5503  0.0001  3.2455 
 0.1288  0.4899  0.0958  0.0000  0.0000  0.0012  0.5962  0.0669  0.0051  0.0153 
 0.0087  0.0052  0.2767  1.4089  0.0000  0.0101  0.4529  0.0667  0.0000  0.0000 
 0.0000  0.2500  0.0006  0.0000  0.7670  0.0001  0.0003  0.7814  0.8565  0.0037 
 3.5566  0.0000  0.3808  0.1659  0.0004  0.2294  0.7336  0.1456 14.2152  2.3574 
 0.8318  0.0302  0.0001  0.6564  0.1084  0.0004  0.0000  2.6164  0.5719  0.0042 
 3.6965  0.9940  0.0018  0.0000  0.0954  0.0000  0.0328  5.2881  0.0000  0.0652 
 1.4194  0.0057  0.0001  0.0001  0.7910  0.3028  0.0046  0.2550 12.4386  0.0001 
 0.0283  0.2635  0.2020  0.4796  0.0035  0.2705  0.0000  0.1035  4.4973  0.9025 
 4.0547  0.0000  0.0016  0.0452  1.9525  0.0888  0.0044  0.0000  0.0391  0.1309 
 0.0000  2.0852  0.0004  0.8804  0.0074  0.7513  0.1447  5.2326  0.0469  0.4125 
 0.0003  0.0092  4.5082  0.0030  0.0080  2.3120  0.0030  0.0329  0.0007  0.0000 
 0.4080  0.0000  0.0001  0.0475  0.0406  0.0300  0.0001  0.0000  0.0164  0.6517 
 0.0326  5.4687  0.0000  0.2912  0.0002  0.0000  0.0041  0.0034  0.1444  0.0003 
 0.0000  0.3527  5.6676  0.1997  0.0000  0.0704  0.0000  0.0000  0.1565  0.0003 
 0.0549  0.0087  0.0015  4.5793  0.2527  0.0016  0.5505  0.0065  0.1650  0.0007 
 0.0386  0.0000  0.1618  7.4615  0.0000  1.2715  0.0000  1.5471  0.3412  0.0621 
 1.9715  0.0000  0.0946  0.0571  0.0000  0.3057  0.0013  0.3151  1.7446  0.0222 
 0.0000  0.0114  0.5704  3.6385  4.9581  0.0168  0.0000  0.2700  0.0018  0.0004 
 0.0000  0.0002  1.6251  0.0022  0.0255  0.0000  4.9660  0.0000 10.1633  0.0004 
 0.0000  0.3016  1.0842  0.1469  0.0000  0.0002  0.9789  0.0912  0.0000  0.0010 
 0.3859  0.0757  0.0084  0.0000  0.1876  0.0051  0.0003  0.1256  0.0002  1.5223 
 0.0122  0.0000  7.0420  0.9532  0.0291  0.1818  0.0000  0.0000  0.0000  1.6642 
 0.0000  0.1429  0.6023  0.4909  0.2358  7.3056  0.4473  0.3610  0.0000  0.4390 
 0.0000  0.0269  0.2105  0.1020  6.8357  0.0000  0.0000  0.0056  0.0000  0.5831 
 0.0584  0.0034  0.0007  0.0352  3.3822  0.0689  1.1567  0.0000  0.4561  0.0000 
 0.0957  0.0000  0.0275  2.1205  0.0001  0.9450  0.0007  0.2288  3.9581  2.6235 
 0.0000 14.1201  0.0007  0.0191  0.1246  0.0024  6.6581  0.0058  1.6557  0.0001 
 0.0586  0.0129  0.0000  0.0900  0.0005  0.0000  1.7329  0.0199  0.3377  1.9550 
 0.0000  0.0002  0.0013  0.0427  1.2014  3.0939  0.0000  6.7244  0.0000  0.0656 
 3.7367  0.2007 12.7990  0.1525  0.0662  0.3896  1.9367  0.2381  0.6838  1.6529 
 0.0059  0.0753  0.0023  0.0002  0.0473  0.0001  0.5781  0.0000  0.3819  1.0046 
 0.8633  0.3425  0.0000  0.2313  0.6655  0.0041  0.0180  0.6903  1.5930  0.0035 
 0.0000  1.9853  0.0001  1.6386  0.0012  0.0000  0.0574  0.4802  9.1430  0.0804 
 1.8318  0.0002  2.3205  0.0000  0.0350  0.0000  0.0405  0.3131  0.0002  1.5645 
 0.9639  0.6910  3.2753  6.6858  0.0479  0.0030  5.4733  0.2871  0.0000  0.0019 
 1.3759  5.6462  0.0000  0.0422  3.5381  0.2629  0.0189  0.6932  0.0023  0.0001 
 0.7820  0.0000  0.0027  0.7376  0.0201  0.1160  3.8961  0.0152  0.6312  0.0001 
 0.0000 11.9600  0.6165  0.0055  0.5668 21.3351  0.0257  0.0000  7.5244  0.0005 
 0.0001  0.5543  1.3048 14.2904  0.5365  0.0019  2.6624  6.8038  0.3943  0.0043 
 1.4937  0.0551  8.8427  1.3370  0.9267  0.5741  0.1945 14.0439  0.1068  0.0000 
 0.0000  0.0001  1.1324  0.9816  0.9905  0.0000  0.0000  0.0011  0.0000  0.0000 
 1.5758  0.0001  2.1288  0.0366  0.1640  0.0000  0.3670  0.6061  0.0180  0.7419 
 0.0738  0.5087  0.1459  0.6535  0.0217  0.0098  0.0360  0.0095  1.7410  0.0008 
 7.8430  0.0580  5.6525  0.0085  0.0025 19.0095  0.0002  1.5259  0.4017  0.3145 
 1.5990  0.0000  0.0000  0.0000  0.0096  0.2314  0.9816  2.6181  0.1306  0.9105 
 0.0887  0.0002  7.2532  0.0000  0.0464  0.0003  0.0011  0.7039  0.0393  0.4898 
 0.0000  0.0328  2.9423  1.7119  0.4464  0.1440  0.5830  0.0015  0.0066  4.2706 
 0.0017  0.0896  1.0191  0.0006  0.1060  0.3847  0.3183  0.7860  0.0000  2.1667 
 0.0080  3.0593  0.0043 10.4778  0.0000  0.3191  6.7730  0.0016  0.1212  0.0220 
 0.0002  0.0820  2.7296  0.7406  0.0018  6.5085  0.1143  1.9111  6.7655  1.3420 
 3.1257  1.0744  0.0000  0.0000  0.0001  0.5782  0.2305  0.0039  0.0000  0.0000 
 0.0000  0.1001  0.8957  0.0159  0.0001  0.0015  0.6170  0.0000  3.5603  2.3193 
 0.0000  0.0028  0.1133  0.0116  0.0014  0.0002  0.0001  1.1315  0.1592  0.0000 
 0.9587  0.0000  0.0000  0.0000  0.0013  0.3398  0.0272  0.0151  0.0047  2.9123 
 0.0000  0.8197  0.0003  0.0012  5.2882  0.0000 11.8584  8.2055  0.0212  0.0004 
 0.0000  5.4346  0.0205  0.0929  9.6259  0.2882  0.0000  0.0000  1.2202  0.0000 
 0.0128  0.0000  0.0004  0.0027  1.0645  0.0041  0.0001  0.0000  0.6253  0.6042 
 0.0001  0.0293  7.1766  0.0030  0.2916  4.1811  0.0000  0.1398  0.2141  1.4823 
 0.0175  1.3210  0.0223  0.5895  0.0036  0.0008  0.0000  0.0008  0.0000  0.0000 
 0.0139  0.0000  0.0310  6.9358  0.0015  0.0000  0.1561 18.4976  0.4535  0.7902 
 0.4110  0.2995  0.1403  0.0004  0.2775  0.8705  5.9390  1.6937  1.4385  1.5549 
 0.3146  0.0001  2.3332  1.5259  1.3265  0.2348  0.0000 10.3953  1.3592  2.7450 
 0.0231  0.0002  5.7485  0.0000  0.0000  0.0000  0.0560  0.0989  0.0033  0.0313 
 0.0022  0.7704  0.0001  0.0000  0.3975  3.4992  0.0004  0.0844  0.0000  0.0000 
 0.0000  0.0404  0.0084  3.1717  0.0542  0.1057  0.6132  0.3686  0.0074  0.0000 
 0.0911  0.0000  0.0002  0.0348  4.0928  0.0000  1.5780  0.0000  0.0468  0.0010 
 0.3201  0.0031  2.7123  0.9861  0.5499  0.0000  0.0730  0.3401  1.4073  0.0012 
 0.0004  0.0000  0.1742  0.0392  5.6809  0.0002  6.6759  0.0135  1.5791  0.0100 
 1.2791  0.0022  0.0009  0.0015  0.0075  1.1970 17.5501  0.0000  0.0001  0.0001 
10.2231  0.0828  0.0044  0.0214  0.0001  0.0079  0.0000  3.3646  0.3118  0.0002 
 0.0001  5.1348  0.0701  0.0000  0.0000  0.0028  0.3733  0.1011  0.0001  0.0239 
 0.0000  0.0000  0.0000  0.0000  0.0047  0.3316  0.1671  0.0007  0.0043  0.0020 
 0.0001  0.0071 13.9485  0.0000  1.3151  1.1706  2.4095  0.0019  0.0049  0.0749 
 1.0457  0.0000  1.2314  0.0000  8.0537  0.2405  0.6771  0.0001  0.0006  0.0154 
 0.1619  0.0335  0.0002  0.0197  0.0250  0.0049  0.0964  0.0124  0.0001  0.0000 
 0.0000  0.0807  0.0768  0.0071  0.0003  2.0007  0.9049  0.0000  0.7764  0.0000 
 4.2150  1.1280  0.0000  0.7664  0.0141  0.0008  0.0001  6.3139  0.6458  6.6082 
 0.0000  0.0000  0.0017  0.0563  0.0004  0.0000  0.0003  0.0017  7.9080  0.1705 
 0.0978  0.0419  0.0000  0.0002  5.3438  0.0024  0.2835  0.0000  0.2881  0.8478 
 0.0000  0.0014  0.0000  3.3435  0.0375  0.0000  0.5692  0.0001  0.0003  0.0000 
 3.1668  0.0001  0.6048  0.0004  1.3644  0.0042  1.1608  1.1980  0.6096  7.7243 
 1.6707  0.2918  9.6060  0.8138  1.7714  0.0023  7.6056  0.0000 12.3205  0.0137 
 0.0021  0.0006  2.9073  0.1782  0.0473  0.0017  1.8692  0.0038  0.0104  0.7338 
 0.0050  5.1216  0.0017  2.1839  0.0141  0.0000  0.0975  0.0415  0.0000  0.0001 
 0.0107  0.0001  0.0000  0.0065 10.6031  0.0001  0.2543  0.0000  2.3423  0.0296 
 0.0000  0.9032  1.1114  0.2709  0.0020  0.3643  0.0000  0.0000  0.3158  0.1312 
 3.0780  0.0000  0.0024  1.1814  0.0330  0.3673  0.0044  0.0020  0.1723  0.0890 
 0.3772  0.0001  0.3788  0.3250  0.0869  0.0002  0.0000  0.0908  0.0005  1.5229 
 0.0044  0.2265  0.0041  0.0000  0.0000  1.8548  0.0002  0.0000  0.0251  0.0000 
 0.0000  0.8380  1.6219  0.0001  0.0001  1.1628  0.3079  1.4484  0.0000  0.3434 
 0.8785  0.0020  0.4431  1.2419  0.0005  0.0062  0.0001  0.0000  1.5310  0.9132 
 5.5771  0.0649  0.0012  0.2630  0.0047  0.2076  0.3749  1.9053  0.0000  0.0000 
 0.3284  3.8123  0.0007  0.9725  2.5444  8.4582  0.0285  2.1942  1.3282  0.5318 
 0.0042  0.0001  1.8046  0.0000 15.8584  0.0021  3.2071  0.0012  0.0142  0.0001 
 0.0021  0.0000  0.0219  7.2051  1.7003  0.1014  0.3888  0.0343  0.0000  0.0002 
 0.0000  1.5112  0.0106  0.0397  2.8523  7.8385  0.0008  0.9454  4.9485  0.0025 
 0.7385  6.1677  0.0000  1.9549  0.0630 10.3969  0.0007  0.0134  2.8290  0.0008 
